279 126
383 167
487 206
572 169
622 237
682 214
536 268
502 275
528 291
549 303
682 137
766 177
785 236
856 189
917 246
825 293
885 295
900 283
748 291
748 272
729 274
720 284
699 275
747 328
624 309
591 359
679 349
816 362
896 356
778 412
747 408
954 430
946 524
840 453
800 600
798 506
729 448
649 431
582 432
507 410
495 347
488 309
475 331
456 350
452 318
454 293
424 329
438 341
431 286
408 307
392 329
359 324
429 442
351 371
253 359
360 435
377 551
328 641
405 625
442 591
471 617
483 586
511 494
610 484
595 546
542 530
533 607
578 584
753 517
672 519
699 510
646 595
662 564
714 613
693 569
342 85
410 89
605 148
666 184
710 164
828 168
491 670
531 652
585 679
541 714
532 766
482 736
671 667
643 726
661 801
704 762
768 752
758 698
788 727
811 686
646 875
669 874
682 898
686 872
707 879
620 907
500 870
638 957
585 993
510 1050
456 974
300 1002
355 1053
412 1075
306 1102
344 1114
354 1129
393 1127
433 1131
478 1120
518 1145
463 1143
360 1151
402 1151
327 1128
303 1141
328 1154
350 1194
413 1179
469 1185
273 1198
412 1246
511 1286
531 1371
305 1407
474 1439
120 1557
EDGES
0 1
1 2
2 3
3 4
2 4
4 5
4 6
6 7
6 8
8 9
7 8
7 2
6 2
6 9
9 4
10 5
5 11
11 12
12 5
12 14
14 13
13 11
12 15
14 17
17 16
16 15
15 14
15 23
12 19
19 18
18 20
19 20
20 21
21 22
23 18
22 5
5 20
22 24
4 24
24 25
9 25
4 25
25 26
26 24
26 22
26 21
26 23
23 27
27 15
16 28
15 28
27 28
29 27
29 23
30 29
30 23
28 31
31 32
33 31
33 28
33 32
27 33
29 33
34 32
33 34
35 33
35 34
26 36
23 36
30 36
25 37
26 37
36 37
36 29
36 33
36 35
25 38
37 38
25 39
39 38
40 25
40 39
41 40
42 41
42 40
43 42
43 40
44 43
44 42
45 44
46 44
47 46
47 43
48 46
48 45
49 46
49 48
50 49
50 46
51 50
52 39
52 43
52 47
46 52
50 52
51 53
50 53
53 52
54 53
55 54
55 52
56 52
55 56
57 56
58 56
59 52
58 59
60 59
61 52
61 59
61 60
62 61
62 52
62 39
62 38
63 38
63 37
64 63
65 64
65 62
62 64
66 62
61 66
60 66
66 64
67 64
68 36
68 34
68 35
69 68
69 70
69 37
71 64
72 71
73 74
71 73
73 69
73 34
75 1
76 1
3 77
78 5
79 5
80 11
80 13
60 81
81 66
81 82
82 66
66 83
71 83
82 83
81 83
83 84
84 85
83 85
81 85
85 86
73 87
71 87
83 88
87 88
89 88
85 89
89 90
90 91
87 91
91 92
87 92
73 92
91 93
34 92
92 94
34 94
89 95
89 96
95 96
96 97
96 98
97 98
98 89
99 89
98 99
89 100
95 100
96 100
97 100
85 101
89 101
100 101
100 102
102 103
101 103
103 104
101 105
104 105
105 106
106 107
105 107
107 108
105 108
104 108
106 109
107 109
107 110
108 110
108 111
110 111
108 112
111 112
108 113
112 113
104 114
104 115
114 115
104 113
114 116
113 116
111 117
112 117
112 118
113 118
110 119
109 119
109 120
119 120
119 121
117 121
121 122
117 122
112 122
118 122
122 123
123 124
122 125
123 126
122 126
125 126
124 126
126 127
127 128
126 128
125 129
126 129
128 129
130 129
129 131

